num =

    3.0000
    4.0000
    0.2321
   -3.2321

roots =

   -3.0000
   -3.0000
    1.7321
   -1.7321

const =

     []