num =

   -0.2000
    1.0000
    0.2000

roots =

   -2.0000
   -2.0000
    0.5000

const =

     []